Position (cm^-1)	Sample Intensity (V)
760	3.09460943981321e-7
765	8.38128016766859e-6
770	1.51635867950972e-5
775	2.30037585424725e-5
780	3.32829113176558e-5
785	4.49659091827925e-5
790	5.89458213653415e-5
795	7.35009234631434e-5
800	8.55543039506301e-5
805	9.30279202293605e-5
810	9.5670206064824e-5
815	9.43243139772676e-5
820	9.20636230148375e-5
825	9.14209158509038e-5
830	9.43014383665286e-5
835	1.0039583867183e-4
840	1.07094710983802e-4
845	1.10855413367972e-4
850	1.09401174995583e-4
855	1.0179792298004e-4
860	8.91197851160541e-5
865	7.30350147932768e-5
870	5.65343252674211e-5
875	4.21569347963668e-5
880	3.09589522657916e-5
885	2.2552792870556e-5
890	1.70038983924314e-5
895	1.42540575325256e-5
900	1.36343451231369e-5
905	1.36297067001578e-5
910	1.35319041874027e-5
915	1.3228283933131e-5
920	1.25314236356644e-5
925	1.13792639240273e-5
930	1.09064458229113e-5
935	1.19553560580243e-5
940	1.36960516101681e-5
945	1.41178561534616e-5
950	1.22180035759811e-5
955	8.52467292133952e-6
960	4.0494405766367e-6
965	1.25884798762854e-6
970	5.20499406775343e-6
975	2.21209666051436e-5
980	5.42105626664124e-5
985	9.5319701358676e-5
990	1.30943677504547e-4
995	1.49629835505039e-4
1000	1.48569873999804e-4
1005	1.35045542265289e-4
1010	1.16034134407528e-4
1015	9.59424578468315e-5
1020	7.66235389164649e-5
1025	6.01395695412066e-5
1030	4.76896020700224e-5
1035	4.03297126467805e-5
1040	3.66407875844743e-5
1045	3.66602216672618e-5
1050	4.07876723329537e-5
1055	4.93399202241562e-5
1060	6.2573621107731e-5
1065	8.1491467426531e-5
1070	1.06464671262074e-4
1075	1.37117138365284e-4
1080	1.70459810760804e-4
1085	2.03569288714789e-4
1090	2.32640537433326e-4
1095	2.52092082519084e-4
1100	2.56978441029787e-4
1105	2.4466123431921e-4
1110	2.16140761040151e-4
1115	1.74984015757218e-4
1120	1.27030623843893e-4
1125	8.17452964838594e-5
1130	4.77664325444493e-5
1135	2.81025477306684e-5
1140	2.16649314097594e-5
1145	2.35066036111675e-5
1150	2.76864720945014e-5
1155	3.0185883588274e-5
1160	3.02589432976674e-5
1165	2.98421073239297e-5
1170	2.92812528641662e-5
1175	2.76282971753972e-5
1180	2.48693995672511e-5
1185	2.0597364709829e-5
1190	1.51519507198827e-5
1195	9.60089801083086e-6
1200	5.17298258273513e-6
1205	2.93000266538002e-6
1210	2.62900334746519e-6
1215	3.98178235627711e-6
1220	6.46948456051177e-6
1225	8.44189526105765e-6
1230	9.24352389120031e-6
1235	8.87318219611188e-6
1240	8.46461625769734e-6
1245	9.93873891275143e-6
1250	1.46385782500147e-5
1255	2.36755677178735e-5
1260	3.64961124432739e-5
1265	5.16021209477913e-5
1270	6.75378396408632e-5
1275	8.20622444734909e-5
1280	9.29521847865544e-5
1285	9.83893114607781e-5
1290	9.76978772087023e-5
1295	9.21704777283594e-5
1300	8.44067908474244e-5
1305	7.84555450081825e-5
1310	7.60146431275643e-5
1315	7.59090544306673e-5
1320	7.47284429962747e-5
1325	6.93215260980651e-5
1330	6.03846092417371e-5
1335	5.65184927836526e-5
1340	7.93483268353157e-5
1345	1.63075266755186e-4
1350	3.28147027175874e-4
1355	5.43929461855441e-4
1360	7.16229842510074e-4
1365	7.7896163566038e-4
1370	7.46474368497729e-4
1375	6.71820132993162e-4
1380	5.96696860156953e-4
1385	5.36861480213702e-4
1390	4.88907273393124e-4
1395	4.44895151304081e-4
1400	3.97174502722919e-4
1405	3.45050531905144e-4
1410	2.92179436655715e-4
1415	2.49271019129083e-4
1420	2.2652315965388e-4
1425	2.26777323405258e-4
1430	2.44977738475427e-4
1435	2.71841796347871e-4
1440	2.97784310532734e-4
1445	3.16478428430855e-4
1450	3.24778113281354e-4
1455	3.22771345963702e-4
1460	3.12074349494651e-4
1465	2.94891593512148e-4
1470	2.74393823929131e-4
1475	2.53731675911695e-4
1480	2.34351973631419e-4
1485	2.16884349356405e-4
1490	2.02066570636816e-4
1495	1.90539023606107e-4
1500	1.83634125278331e-4
1505	1.82102361577563e-4
1510	1.85714292456396e-4
1515	1.92875188076869e-4
1520	1.99809583136812e-4
1525	2.03047573450021e-4
1530	2.00330483494326e-4
1535	1.92606981727295e-4
1540	1.84361531864852e-4
1545	1.81238472578116e-4
1550	1.86549106729217e-4
1555	1.99853398953564e-4
1560	2.14573738048784e-4
1565	2.22117596422322e-4
1570	2.16162748984061e-4
1575	1.97753674001433e-4
1580	1.72005034983158e-4
1585	1.44704405101948e-4
1590	1.19791759061627e-4
1595	1.003506113193e-4
1600	8.65304609760642e-5
1605	7.64484793762676e-5
1610	6.75246919854544e-5
1615	5.83847795496695e-5
1620	4.76290333608631e-5
1625	3.48144531017169e-5
1630	2.06375952984672e-5
1635	7.3345772761968e-6
1640	1.91941330740519e-6
1645	1.49634661283926e-5
1650	4.57001551694702e-5
1655	8.29955679364502e-5
1660	1.13479043648113e-4
1665	1.33186127641238e-4
1670	1.44204328535125e-4
1675	1.47530430695042e-4
1680	1.47326951264404e-4
1685	1.46822480019182e-4
1690	1.47551239933819e-4
1695	1.53137661982328e-4
1700	1.63743228767999e-4
1705	1.77173453266732e-4
1710	1.90831706277095e-4
1715	2.01695816940628e-4
1720	2.09160600206815e-4
1725	2.13065373827703e-4
1730	2.13181294384412e-4
1735	2.11940045119263e-4
1740	2.10270882234909e-4
1745	2.08831872441806e-4
1750	2.08410827326588e-4
1755	2.09507590625435e-4
1760	2.11890961509198e-4
1765	2.14962929021567e-4
1770	2.16933389310725e-4
1775	2.1715770708397e-4
1780	2.14233077713288e-4
1785	2.08439858397469e-4
1790	1.99814545339905e-4
1795	1.8917370471172e-4
1800	1.77335823536851e-4
1805	1.6611855244264e-4
1810	1.56636044266634e-4
1815	1.50335938087665e-4
1820	1.47900354932062e-4
1825	1.50174426380545e-4
1830	1.53800603584386e-4
1835	1.54900437337346e-4
1840	1.50485124322586e-4
1845	1.39705880428664e-4
1850	1.22870507766493e-4
1855	1.01933001133148e-4
1860	8.13383521744981e-5
1865	6.27556510153227e-5
1870	4.90710226586089e-5
1875	4.47457205154933e-5
1875	4.49860126536805e-5
