Position (cm^-1)	Sample Intensity (V)
760	1.34323418023996e-4
765	9.78528551058844e-5
770	7.9045923484955e-5
775	7.19571762601845e-5
780	7.75303851696663e-5
785	8.97345380508341e-5
790	1.14394752017688e-4
795	1.45896861795336e-4
800	1.77137335413136e-4
805	2.00359281734563e-4
810	2.09733407245949e-4
815	2.04379161004908e-4
820	1.88470090506598e-4
825	1.68785234563984e-4
830	1.51461994391866e-4
835	1.3935191964265e-4
840	1.33109264425002e-4
845	1.30415573948994e-4
850	1.27901410451159e-4
855	1.22363664559089e-4
860	1.12218694994226e-4
865	9.81592238531448e-5
870	8.16492320154794e-5
875	6.45667241769843e-5
880	4.90270685986616e-5
885	3.60015073965769e-5
890	2.6018973585451e-5
895	1.92638708540471e-5
900	1.56311580212787e-5
905	1.49004717968637e-5
910	1.59276733029401e-5
915	1.7548656614963e-5
920	1.90842511074152e-5
925	1.97537847270723e-5
930	1.97601730178576e-5
935	1.94580643437803e-5
940	1.88869234989397e-5
945	1.76862849912141e-5
950	1.52498096213094e-5
955	1.18562929856125e-5
960	9.19599642656976e-6
965	9.8582877399167e-6
970	2.0388486518641e-5
975	4.89837184431963e-5
980	9.95319569483399e-5
985	1.62793017807417e-4
990	2.14746702113189e-4
995	2.36003732425161e-4
1000	2.25607756874524e-4
1005	1.954728650162e-4
1010	1.5861596330069e-4
1015	1.23670630273409e-4
1020	9.53417111304589e-5
1025	7.60163165978156e-5
1030	6.52558446745388e-5
1035	6.18644116912037e-5
1040	6.29053174634464e-5
1045	6.57077034702525e-5
1050	6.99897791491821e-5
1055	7.67058372730389e-5
1060	8.76008198247291e-5
1065	1.04737053334247e-4
1070	1.29008258227259e-4
1075	1.60891388077289e-4
1080	1.97558561922051e-4
1085	2.34072213061154e-4
1090	2.65387498075142e-4
1095	2.86758819129318e-4
1100	2.94076045975089e-4
1105	2.8551576542668e-4
1110	2.62444198597223e-4
1115	2.29240729822777e-4
1120	1.90341437701136e-4
1125	1.51280633872375e-4
1130	1.17961360956542e-4
1135	9.30564128793776e-5
1140	7.42129050195217e-5
1145	5.88409748161212e-5
1150	4.61639829154592e-5
1155	3.70175657735672e-5
1160	3.23566200677305e-5
1165	3.29685462929774e-5
1170	3.87178624805529e-5
1175	4.67887439299375e-5
1180	5.32266094523948e-5
1185	5.65479385841172e-5
1190	5.69297444599215e-5
1195	5.41326589882374e-5
1200	4.91007558593992e-5
1205	4.29098727181554e-5
1210	3.66665117326193e-5
1215	3.06605652440339e-5
1220	2.41360830841586e-5
1225	1.7527458112454e-5
1230	1.08938002085779e-5
1235	4.30193676947965e-6
1240	-1.0243191184145e-8
1245	8.04913156571274e-7
1250	9.4848783191992e-6
1255	2.68358053290285e-5
1260	5.09771853103302e-5
1265	8.00765410531312e-5
1270	1.10157328890637e-4
1275	1.37149865622632e-4
1280	1.57424525241368e-4
1285	1.6821944154799e-4
1290	1.69151142472401e-4
1295	1.62194119184278e-4
1300	1.51535568875261e-4
1305	1.45254525705241e-4
1310	1.46502410643734e-4
1315	1.53239845531061e-4
1320	1.57705333549529e-4
1325	1.51688029291108e-4
1330	1.36066591949202e-4
1335	1.27833991427906e-4
1340	1.72798419953324e-4
1345	3.54254589183256e-4
1350	7.35044188331813e-4
1355	0.00125830573961139
1360	0.0017035601194948
1365	0.00189471861813217
1370	0.00185067590791732
1375	0.00168792216572911
1380	0.00150627922266722
1385	0.00135161413345486
1390	0.00122142280451953
1395	0.00109715689904988
1400	9.5990695990622e-4
1405	8.06093099527061e-4
1410	6.45868654828519e-4
1415	5.12151920702308e-4
1420	4.42600925453007e-4
1425	4.56154841231182e-4
1430	5.4593215463683e-4
1435	6.85294216964394e-4
1440	8.38254694826901e-4
1445	9.73587972112e-4
1450	0.00106665317434818
1455	0.0011072262423113
1460	0.00109123520087451
1465	0.00102197437081486
1470	9.15410171728581e-4
1475	7.92983919382095e-4
1480	6.69819070026279e-4
1485	5.5676675401628e-4
1490	4.61437448393554e-4
1495	3.92054847907275e-4
1500	3.52703646058217e-4
1505	3.4286585287191e-4
1510	3.58286051778123e-4
1515	3.89849214116111e-4
1520	4.22520592110232e-4
1525	4.42997523350641e-4
1530	4.42598509835079e-4
1535	4.21234726672992e-4
1540	3.87881445931271e-4
1545	3.56822623871267e-4
1550	3.40395083185285e-4
1555	3.46152082784101e-4
1560	3.66193300578743e-4
1565	3.82801255909726e-4
1570	3.79962119041011e-4
1575	3.54514893842861e-4
1580	3.13018972519785e-4
1585	2.64713336946443e-4
1590	2.18398170545697e-4
1595	1.82938078069128e-4
1600	1.59398972755298e-4
1605	1.43608485814184e-4
1610	1.31413573399186e-4
1615	1.19641001219861e-4
1620	1.04801663837861e-4
1625	8.57687628013082e-5
1630	6.73714312142693e-5
1635	6.12820585956797e-5
1640	8.13604492577724e-5
1645	1.36976144858636e-4
1650	2.13351828278974e-4
1655	2.76406353805214e-4
1660	3.10975243337452e-4
1665	3.23338201269507e-4
1670	3.26565728755668e-4
1675	3.27700225170702e-4
1680	3.30440088873729e-4
1685	3.35731165250763e-4
1690	3.43003572197631e-4
1695	3.52383562130854e-4
1700	3.63512459443882e-4
1705	3.73375398339704e-4
1710	3.8045848486945e-4
1715	3.84444778319448e-4
1720	3.86611383873969e-4
1725	3.87929700082168e-4
1730	3.89355758670717e-4
1735	3.93375084968284e-4
1740	4.01484401663765e-4
1745	4.1130805038847e-4
1750	4.19755029724911e-4
1755	4.25442238338292e-4
1760	4.26913902629167e-4
1765	4.22901299316436e-4
1770	4.13621601182967e-4
1775	4.01631841668859e-4
1780	3.90098459320143e-4
1785	3.80367389880121e-4
1790	3.72517766663805e-4
1795	3.6716167232953e-4
1800	3.61872080247849e-4
1805	3.54083516867831e-4
1810	3.43637424521148e-4
1815	3.31657065544277e-4
1820	3.20120132528245e-4
1825	3.11179552227259e-4
1830	3.05166468024254e-4
1835	3.00966930808499e-4
1840	2.936523524113e-4
1845	2.8035556897521e-4
1850	2.61460663750768e-4
1855	2.38097461988218e-4
1860	2.1925060718786e-4
1865	2.06951153813861e-4
1870	2.11792706977576e-4
1875	2.47697171289474e-4
1875	2.48323573032394e-4
