Position (cm^-1)	Sample Intensity (V)
760	6.16593897575513e-5
765	4.06239778385498e-5
770	3.27043999277521e-5
775	2.717461939028e-5
780	2.26964530156692e-5
785	1.89377988135675e-5
790	1.6236672308878e-5
795	1.64523098646896e-5
800	1.95245047507342e-5
805	2.51611581916222e-5
810	3.19471291732043e-5
815	3.8658305129502e-5
820	4.37394955952186e-5
825	4.65942939626984e-5
830	4.76538298244122e-5
835	4.76510685984977e-5
840	4.66446217615157e-5
845	4.47904749307781e-5
850	4.20023279730231e-5
855	3.83805636374746e-5
860	3.32410199916922e-5
865	2.68859657808207e-5
870	2.02086448553018e-5
875	1.41665059345542e-5
880	9.27353630686412e-6
885	5.73331544728717e-6
890	3.62414380106202e-6
895	2.80903191196558e-6
900	2.65622634287865e-6
905	2.86311342279078e-6
910	3.30297575601435e-6
915	3.82252665076521e-6
920	4.36771188105922e-6
925	4.83308122056769e-6
930	5.55534552404424e-6
935	6.5675067162374e-6
940	7.7744671216351e-6
945	8.74248598847771e-6
950	9.53748258325504e-6
955	1.00241359177744e-5
960	9.77804666035809e-6
965	8.83413849805947e-6
970	8.49716161610559e-6
975	1.0390518582426e-5
980	1.73827538674232e-5
985	3.06621222989634e-5
990	4.84431620861869e-5
995	6.3770443375688e-5
1000	7.0465132012032e-5
1005	6.89181033521891e-5
1010	6.14523160038516e-5
1015	5.07728473166935e-5
1020	4.04495476686861e-5
1025	3.30850161844864e-5
1030	2.98983250104357e-5
1035	2.95801401080098e-5
1040	2.9697503123316e-5
1045	2.89321033051237e-5
1050	2.66396600636654e-5
1055	2.39739729295252e-5
1060	2.31802860071184e-5
1065	2.64024092757609e-5
1070	3.4485237847548e-5
1075	4.65729681309313e-5
1080	5.99918494117446e-5
1085	7.14135821908712e-5
1090	7.77381646912545e-5
1095	7.82178758527152e-5
1100	7.3772796895355e-5
1105	6.64631297695451e-5
1110	5.86584283155389e-5
1115	5.16964064445347e-5
1120	4.58532231277786e-5
1125	4.03841258957982e-5
1130	3.38856880262028e-5
1135	2.57975189015269e-5
1140	1.65075780387269e-5
1145	7.63252864999231e-6
1150	1.89063393918332e-6
1155	-8.17799161723087e-9
1160	2.46382592195005e-6
1165	7.84163603384513e-6
1170	1.32417371787597e-5
1175	1.63518398039741e-5
1180	1.67536400113022e-5
1185	1.44605810419307e-5
1190	1.07636587927118e-5
1195	6.65449942971463e-6
1200	3.88722901334404e-6
1205	3.13524037665047e-6
1210	4.26782662543701e-6
1215	6.65704646962695e-6
1220	1.00288098110468e-5
1225	1.28936835608329e-5
1230	1.45329358929303e-5
1235	1.44255800478277e-5
1240	1.28933797896025e-5
1245	1.05298349808436e-5
1250	8.46803595777601e-6
1255	7.74920681578806e-6
1260	9.45713691180572e-6
1265	1.32557070173789e-5
1270	1.89783859241288e-5
1275	2.5800205548876e-5
1280	3.2389576517744e-5
1285	3.7217960198177e-5
1290	3.93328591599129e-5
1295	3.88287771784235e-5
1300	3.69416848116089e-5
1305	3.5060027585132e-5
1310	3.38020690833218e-5
1315	3.31024857587181e-5
1320	3.21221086778678e-5
1325	2.8308106266195e-5
1330	2.22718917939346e-5
1335	1.96729888557456e-5
1340	3.21459956467152e-5
1345	7.92394566815347e-5
1350	1.74265936948359e-4
1355	3.08387621771544e-4
1360	4.34752437286079e-4
1365	5.01878384966403e-4
1370	5.11700636707246e-4
1375	4.92297171149403e-4
1380	4.61401650682092e-4
1385	4.30526328273118e-4
1390	3.97585274185985e-4
1395	3.60984908184037e-4
1400	3.20925348205492e-4
1405	2.74787278613076e-4
1410	2.26240925258026e-4
1415	1.8940978043247e-4
1420	1.72698506503366e-4
1425	1.85795739525929e-4
1430	2.26339296204969e-4
1435	2.86871887510642e-4
1440	3.55977797880769e-4
1445	4.17060276959091e-4
1450	4.57866961369291e-4
1455	4.78450499940664e-4
1460	4.74753673188388e-4
1465	4.51545987743884e-4
1470	4.16148221120238e-4
1475	3.78394703147933e-4
1480	3.43625928508118e-4
1485	3.12308402499184e-4
1490	2.86151131149381e-4
1495	2.72037257673219e-4
1500	2.67103197984397e-4
1505	2.71265802439302e-4
1510	2.81285116216168e-4
1515	2.94148951070383e-4
1520	3.0425566365011e-4
1525	3.06342641124502e-4
1530	2.96870624879375e-4
1535	2.78088293271139e-4
1540	2.49986507697031e-4
1545	2.19234498217702e-4
1550	1.90076258149929e-4
1555	1.71005929587409e-4
1560	1.61936302902177e-4
1565	1.56292764586397e-4
1570	1.4696862490382e-4
1575	1.33772220578976e-4
1580	1.17593997856602e-4
1585	1.01927209470887e-4
1590	8.93821415957063e-5
1595	8.45849135657772e-5
1600	8.39040367281996e-5
1605	8.17925174487755e-5
1610	7.40573450457305e-5
1615	6.08702539466322e-5
1620	4.32435517723206e-5
1625	2.40891222347273e-5
1630	9.32720013224753e-6
1635	5.69166422792478e-6
1640	1.56825699377805e-5
1645	3.72745416825637e-5
1650	5.98810729570687e-5
1655	7.52902560634539e-5
1660	8.13853257568553e-5
1665	8.35151149658486e-5
1670	8.60871296026744e-5
1675	8.89937728061341e-5
1680	9.2454174591694e-5
1685	9.57396769081242e-5
1690	9.85110964393243e-5
1695	1.00851284514647e-4
1700	1.01963662018534e-4
1705	1.02214602520689e-4
1710	1.02085396065377e-4
1715	1.02479963970836e-4
1720	1.03359365311917e-4
1725	1.05047234683298e-4
1730	1.08135980553925e-4
1735	1.1271611583652e-4
1740	1.19022843136918e-4
1745	1.26990358694457e-4
1750	1.35564536321908e-4
1755	1.44717079820111e-4
1760	1.50495980051346e-4
1765	1.50425898027606e-4
1770	1.43717959872447e-4
1775	1.31076783873141e-4
1780	1.15599774289876e-4
1785	1.00807017588522e-4
1790	8.91932577360421e-5
1795	8.33860467537306e-5
1800	8.05043091531843e-5
1805	7.81043272581883e-5
1810	7.52750493120402e-5
1815	7.24836354493164e-5
1820	7.088413258316e-5
1825	7.06041246303357e-5
1830	7.05159036442637e-5
1835	7.00627788319252e-5
1840	6.58116914564744e-5
1845	5.61591332370881e-5
1850	4.2750751163112e-5
1855	2.94051042146748e-5
1860	2.39869295910466e-5
1865	2.88206883851672e-5
1870	5.28255332028493e-5
1875	1.08986590930726e-4
1875	1.09056192741264e-4
