Wavenumber (cm^-1)	Intensity (V)
760	1.17331723940758e-5
761.998207885305	1.3067880339078e-5
763.996415770609	1.1787650269382e-5
765.994623655914	7.02764591450156e-6
767.992831541219	7.73585829348234e-6
769.991039426523	7.41580077605833e-6
771.989247311828	8.69603084575435e-6
773.987455197133	9.60172552272015e-6
775.985663082437	1.21962343341786e-5
777.983870967742	8.65517243927469e-6
779.982078853047	7.4838981201911e-6
781.980286738351	1.42323449237483e-6
783.978494623656	6.8710220229962e-6
785.976702508961	5.01877426258493e-6
787.974910394265	4.68509727633437e-6
789.97311827957	5.96532734603039e-6
791.971326164875	2.94861500094881e-6
793.969534050179	3.46615481635784e-6
795.967741935484	3.98369463176687e-6
797.965949820789	1.4913318365076e-6
799.964157706093	3.7113052552358e-6
801.962365591398	7.71542909024251e-6
803.960573476703	1.33811281220887e-5
805.958781362007	1.42527741269881e-5
807.956989247312	9.56767685065377e-6
809.955197132616	2.04292032398301e-6
811.953405017921	6.96635830478207e-6
813.951612903226	1.01737432134354e-5
815.94982078853	8.70965031458091e-6
817.948028673835	1.26661060086947e-5
819.94623655914	1.15833582369837e-5
821.944444444445	8.87308394049955e-6
823.942652329749	1.02214113543283e-5
825.940860215054	3.0099026106683e-6
827.939068100359	4.17436719533862e-6
829.937275985663	8.79136712754023e-6
831.935483870968	6.93230963271568e-6
833.933691756272	9.56086711624049e-6
835.931899641577	3.60234950462338e-6
837.930107526882	1.30746900734913e-6
839.928315412186	4.42632736862986e-6
841.926523297491	4.46718577510952e-6
843.924731182796	2.3084999661008e-6
845.9229390681	6.45562822378632e-6
847.921146953405	5.88361053307107e-6
849.91935483871	3.96326542852704e-6
851.917562724014	2.73751323413723e-6
853.915770609319	6.71439813149083e-6
855.913978494624	8.71646004899418e-6
857.912186379928	6.57139370881202e-6
859.910394265233	3.55468136373044e-6
861.908602150538	7.62009280845663e-6
863.906810035842	8.13763262386566e-6
865.905017921147	6.67353972501117e-6
867.903225806452	5.27073443587617e-6
869.901433691756	6.25814592580129e-6
871.899641577061	3.74535392730219e-7
873.897849462366	4.40589816539003e-6
875.89605734767	2.33573890375391e-6
877.894265232975	1.35513714824206e-6
879.89247311828	4.3854689621502e-6
881.890681003584	1.70243360331918e-6
883.888888888889	2.00887165191663e-6
885.887096774194	3.86792914674117e-6
887.885304659498	5.31840257676911e-6
889.883512544803	2.09058846487595e-6
891.881720430107	6.42157955171993e-6
893.879928315412	4.09946011679258e-6
895.878136200717	2.1042079337025e-6
897.876344086022	5.54312381240724e-6
899.874551971326	9.13866358261734e-6
901.872759856631	7.20469900924675e-6
903.870967741936	4.30375214919088e-6
905.86917562724	2.80561057827e-6
907.867383512545	4.67147780750782e-6
909.865591397849	1.51176103974743e-6
911.863799283154	7.25917688455297e-6
913.862007168459	7.74266802789561e-6
915.860215053764	1.32108847617568e-6
917.858422939068	2.00887165191663e-6
919.856630824373	1.17127431908359e-6
921.854838709677	1.8999159013042e-6
923.853046594982	9.13185384820406e-6
925.851254480287	5.86999106424452e-6
927.849462365591	4.76000435488042e-6
929.847670250896	3.56830083255699e-6
931.845878136201	1.07593803729772e-5
933.844086021506	8.03548660766651e-6
935.84229390681	3.40486720663835e-6
937.840501792115	1.92034510454403e-6
939.838709677419	4.24246453947139e-6
941.836917562724	6.01299548692333e-6
943.835125448029	8.54621668866226e-6
945.833333333333	6.8097344132767e-6
947.831541218638	2.08377873046267e-6
949.829749103943	5.1753981540903e-7
951.827956989247	2.13144687135561e-6
953.826164874552	1.75691147862539e-6
955.824372759857	1.23937166321636e-6
957.822580645161	7.49751758901765e-6
959.820788530466	2.66941589000447e-6
961.818996415771	5.02558399699821e-6
963.817204301075	7.06169458656794e-6
965.81541218638	7.85162377850804e-6
967.813620071685	6.31943353552078e-6
969.811827956989	4.5897609945485e-6
971.810035842294	2.50598226408583e-6
973.808243727599	6.04023442457644e-6
975.806451612903	3.77940259936857e-6
977.804659498208	2.1927344810751e-6
979.802867383513	2.26764155962114e-6
981.801075268817	5.21625656056996e-6
983.799283154122	6.32624326993406e-6
985.797491039427	4.8825795743194e-6
987.795698924731	1.34832741382879e-6
989.793906810036	9.94221224338399e-6
991.792114695341	1.001711932193e-5
993.790322580645	9.02289809759163e-6
995.78853046595	1.02826989640478e-5
997.786738351254	5.96532734603039e-6
999.784946236559	3.03033181390813e-6
1001.78315412186	1.09636724053755e-6
1003.78136200717	3.76578313054202e-6
1005.77956989247	2.79880084385673e-6
1007.77777777778	2.74432296855051e-6
1009.77598566308	5.50907514034085e-6
1011.77419354839	2.59450881145842e-6
1013.77240143369	3.62958844227648e-6
1015.770609319	6.38072114524027e-6
1017.7688172043	8.25339810889137e-6
1019.76702508961	7.75628749672217e-6
1021.76523297491	5.89042026748435e-6
1023.76344086022	3.34357959691886e-6
1025.76164874552	4.05860171031292e-6
1027.75985663082	5.28435390470272e-6
1029.75806451613	7.3953715728185e-6
1031.75627240143	4.11988932003241e-6
1033.75448028674	1.1862557347928e-5
1035.75268817204	6.10152203429593e-6
1037.75089605735	1.15084511584376e-6
1039.74910394265	3.58192030138355e-6
1041.74731182796	2.62174774911153e-6
1043.74551971326	3.6840663175827e-6
1045.74372759857	1.47771236768104e-6
1047.74193548387	2.79199110944345e-7
1049.74014336918	2.1927344810751e-6
1051.73835125448	6.48286716143942e-6
1053.73655913979	6.10152203429593e-6
1055.73476702509	4.57614152572195e-6
1057.73297491039	2.74432296855051e-6
1059.7311827957	3.0984291580409e-6
1061.729390681	3.24824331513299e-6
1063.72759856631	2.56046013939204e-6
1065.72580645161	3.888358349981e-6
1067.72401433692	5.22306629498323e-6
1069.72222222222	4.43313710304313e-6
1071.72043010753	3.05757075156124e-6
1073.71863799283	2.54684067056549e-6
1075.71684587814	6.82335388210326e-6
1077.71505376344	6.78930521003688e-6
1079.71326164875	2.88732739122932e-6
1081.71146953405	3.12566809569401e-6
1083.70967741935	2.81242031268328e-6
1085.70788530466	2.94180526653554e-6
1087.70609318996	1.77734068186522e-6
1089.70430107527	9.66982286685292e-7
1091.70250896057	3.35038933133214e-6
1093.70071684588	3.15971676776039e-6
1095.69892473118	7.13660166511399e-6
1097.69713261649	7.79033616878855e-6
1099.69534050179	1.49814157092087e-6
1101.6935483871	3.58873003579682e-6
1103.6917562724	2.46512385760617e-6
1105.68996415771	8.0082476700134e-6
1107.68817204301	1.22847608815512e-5
1109.68637992832	1.24822431795362e-5
1111.68458781362	8.28744678095775e-6
1113.68279569892	2.96223446977537e-6
1115.68100358423	8.60750429838175e-6
1117.67921146953	6.76206627238377e-6
1119.67741935484	5.57717248447362e-6
1121.67562724014	3.11885836128073e-6
1123.67383512545	5.74060611039226e-6
1125.67204301075	6.36029194200044e-6
1127.67025089606	2.95542473536209e-6
1129.66845878136	5.85637159541797e-6
1131.66666666667	4.69871674516093e-6
1133.66487455197	7.14341139952726e-6
1135.66308243728	5.69293796949932e-6
1137.66129032258	3.2141946430666e-6
1139.65949820789	5.2026370917434e-6
1141.65770609319	7.10936272746088e-6
1143.65591397849	6.32624326993406e-6
1145.6541218638	8.60750429838175e-6
1147.6523297491	6.59863264646513e-6
1149.65053763441	6.30581406669423e-6
1151.64874551971	4.63061940102816e-6
1153.64695340502	5.75422557921882e-6
1155.64516129032	6.40796008289338e-6
1157.64336917563	6.85059281975636e-6
1159.64157706093	2.26083182520787e-6
1161.63978494624	1.38237608589517e-6
1163.63799283154	4.71233621398748e-6
1165.63620071685	7.61328307404336e-6
1167.63440860215	2.59450881145842e-6
1169.63261648746	6.44200875495976e-6
1171.63082437276	3.07799995480107e-6
1173.62903225806	6.87783175740947e-6
1175.62724014337	8.02186713883996e-6
1177.62544802867	5.12773001319736e-6
1179.62365591398	3.84749994350134e-6
1181.62186379928	4.28332294595105e-6
1183.62007168459	9.70387153891931e-6
1185.61827956989	1.07729998418037e-5
1187.6164874552	4.11307958561913e-6
1189.6146953405	3.35719906574542e-6
1191.61290322581	3.42529640987818e-6
1193.61111111111	3.07799995480107e-6
1195.60931899642	5.51588487475413e-6
1197.60752688172	5.98575654927022e-6
1199.60573476703	4.73957515164059e-6
1201.60394265233	4.99153532493182e-6
1203.60215053763	5.57717248447362e-6
1205.60035842294	4.9983450593451e-6
1207.59856630824	6.58501317763857e-6
1209.59677419355	1.0384844980247e-5
1211.59498207885	8.40321226598345e-6
1213.59318996416	6.80292467886343e-6
1215.59139784946	5.93127867396401e-6
1217.58960573477	2.57407960821859e-6
1219.58781362007	8.7981768619535e-6
1221.58602150538	1.1099867093641e-5
1223.58422939068	1.05278494029258e-5
1225.58243727599	7.05488485215467e-6
1227.58064516129	6.44881848937304e-6
1229.5788530466	2.66941589000447e-6
1231.5770609319	4.32418135243071e-6
1233.5752688172	2.69665482765757e-6
1235.57347670251	1.04529423243797e-5
1237.57168458781	1.08683361235896e-5
1239.56989247312	6.48286716143942e-6
1241.56810035842	6.01980522133661e-6
1243.56630824373	2.88732739122932e-6
1245.56451612903	8.95480075345887e-6
1247.56272401434	1.02895086984611e-5
1249.56093189964	5.10049107554425e-6
1251.55913978495	1.80457961951833e-6
1253.55734767025	3.3912477378118e-6
1255.55555555556	8.44407067246311e-6
1257.55376344086	9.71068127333258e-6
1259.55197132617	3.7998318026084e-6
1261.55017921147	5.32521231118238e-6
1263.54838709677	4.81448223018663e-6
1265.54659498208	6.63949105294479e-6
1267.54480286738	4.48080524393607e-6
1269.54301075269	6.55777423998547e-6
1271.54121863799	5.91084947072418e-6
1273.5394265233	2.79880084385673e-6
1275.5376344086	6.72120786590411e-6
1277.53584229391	1.04529423243797e-5
1279.53405017921	1.01124556037159e-5
1281.53225806452	8.85946447167299e-6
1283.53046594982	8.39640253157018e-6
1285.52867383513	1.0459752058793e-5
1287.52688172043	1.11543449689472e-5
1289.52508960573	8.66879190810124e-6
1291.52329749104	1.25843891957354e-5
1293.52150537634	1.50495130533415e-5
1295.51971326165	2.16617651686332e-5
1297.51792114695	2.11918934941171e-5
1299.51612903226	1.70651944396714e-5
1301.51433691756	1.1787650269382e-5
1303.51254480287	9.22038039557666e-6
1305.51075268817	6.55096450557219e-6
1307.50896057348	7.14341139952726e-6
1309.50716845878	5.60441142212673e-6
1311.50537634409	1.65476546242624e-6
1313.50358422939	2.09058846487595e-6
1315.5017921147	7.81076537202838e-6
1317.5	1.19306546920608e-5
1319.4982078853	1.39327166095641e-5
1321.49641577061	9.30890694294926e-6
1323.49462365591	1.07117122320843e-5
1325.49283154122	1.25980086645619e-5
1327.49103942652	1.36398980297932e-5
1329.48924731183	9.86730516483794e-6
1331.48745519713	1.13382077981057e-5
1333.48566308244	1.17467918629023e-5
1335.48387096774	1.17740308005554e-5
1337.48207885305	1.04529423243797e-5
1339.48028673835	9.98988038427693e-6
1341.47849462366	5.73379637597899e-6
1343.47670250896	6.63949105294479e-6
1345.47491039427	2.44469465436634e-6
1347.47311827957	4.37184949332364e-6
1349.47132616487	4.22884507064483e-6
1351.46953405018	3.74535392730219e-6
1353.46774193548	8.13082288945239e-6
1355.46594982079	1.82024200866886e-5
1357.46415770609	2.68916411980297e-5
1359.4623655914	3.11885836128073e-5
1361.4605734767	3.81140835111097e-5
1363.45878136201	3.84000923564673e-5
1365.45698924731	3.70313357393987e-5
1367.45519713262	3.7923410947538e-5
1369.45340501792	4.22475922999687e-5
1371.45161290323	4.68305435601039e-5
1373.44982078853	4.7817955050029e-5
1375.44802867384	5.35585611604213e-5
1377.44623655914	5.43621098211879e-5
1379.44444444444	4.75387559390847e-5
1381.44265232975	4.76340922208706e-5
1383.44086021505	4.79677692071211e-5
1385.43906810036	4.68305435601039e-5
1387.43727598566	4.24655038011935e-5
1389.43548387097	4.54004993333158e-5
1391.43369175627	4.53051630515299e-5
1393.43189964158	4.54345480053822e-5
1395.43010752688	4.62789550726285e-5
1397.42831541219	4.32281940554805e-5
1399.42652329749	3.56012915126106e-5
1401.4247311828	3.7753167587206e-5
1403.4229390681	3.97620392391227e-5
1405.42114695341	3.97484197702961e-5
1407.41935483871	3.94147427840456e-5
1409.41756272401	3.75012074139148e-5
1411.41577060932	4.19820126578509e-5
1413.41397849462	4.06473047128486e-5
1415.41218637993	3.4552592412966e-5
1417.41039426523	2.77156190620362e-5
1419.40860215054	2.36433978828967e-5
1421.40681003584	2.34391058504984e-5
1423.40501792115	2.37046854926162e-5
1425.40322580645	1.76644510680398e-5
1427.40143369176	1.5873490917348e-5
1429.39964157706	2.36638270861365e-5
1431.39784946237	3.34357959691886e-5
1433.39605734767	3.34221765003621e-5
1435.39426523298	3.7160720693251e-5
1437.39247311828	4.7620472752044e-5
1439.39068100358	4.96497736072005e-5
1441.38888888889	4.6612632058879e-5
1443.38709677419	4.9268428480057e-5
1445.3853046595	5.88156761274709e-5
1447.3835125448	7.31842157394848e-5
1449.38172043011	7.82710873462024e-5
1451.37992831541	7.88635342401575e-5
1453.37813620072	8.74982774761924e-5
1455.37634408602	1.03569250691525e-4
1457.37455197133	1.01138175505986e-4
1459.37275985663	8.71033128802223e-5
1461.37096774194	6.68784016727905e-5
1463.36917562724	6.12876097194903e-5
1465.36738351255	6.08517867170406e-5
1467.36559139785	6.44405167528375e-5
1469.36379928315	6.12807999850771e-5
1471.36200716846	6.38208309212293e-5
1473.36021505376	6.73006052064137e-5
1475.35842293907	5.95987955849977e-5
1477.35663082437	5.17199328688366e-5
1479.35483870968	4.7375322313166e-5
1481.35304659498	5.56287204220574e-5
1483.35125448029	6.64085299982744e-5
1485.34946236559	6.9547817562795e-5
1487.3476702509	6.82335388210326e-5
1489.3458781362	7.66980386967355e-5
1491.34408602151	8.13218483633504e-5
1493.34229390681	8.99225429273189e-5
1495.34050179211	1.10235980682123e-4
1497.33870967742	1.22473073422782e-4
1499.33691756272	1.08281586905513e-4
1501.33512544803	8.58230828105263e-5
1503.33333333333	7.33067909589237e-5
1505.33154121864	6.37935919835762e-5
1507.32974910394	5.70928133209119e-5
1509.32795698925	4.97995877642926e-5
1511.32616487455	4.81175833642132e-5
1513.32437275986	4.82061099115858e-5
1515.32258064516	4.7102932936635e-5
1517.32078853047	4.94454815748022e-5
1519.31899641577	5.30546408138388e-5
1521.31720430108	5.20536098550871e-5
1523.31541218638	5.31704062988645e-5
1525.31362007168	4.66262515277056e-5
1527.31182795699	4.90709461820719e-5
1529.31003584229	5.01196452817165e-5
1531.3082437276	5.41033399134834e-5
1533.3064516129	5.2714154093175e-5
1535.30465949821	5.18901762291685e-5
1537.30286738351	4.82197293804124e-5
1539.30107526882	3.83932826220541e-5
1541.29928315412	3.39737649878375e-5
1543.29749103943	2.85395969260427e-5
1545.29569892473	2.88868933811198e-5
1547.29390681004	2.96087252289271e-5
1549.29211469534	3.19376543982677e-5
1551.29032258065	3.86452427953453e-5
1553.28853046595	3.95305082690713e-5
1555.28673835125	4.00752870221334e-5
1557.28494623656	3.21283269618395e-5
1559.28315412186	3.29999729667389e-5
1561.28136200717	3.23598579318909e-5
1563.27956989247	3.15358800678844e-5
1565.27777777778	3.44913048032465e-5
1567.27598566308	3.54650968243451e-5
1569.27419354839	3.01875526540556e-5
1571.27240143369	2.88324155058136e-5
1573.270609319	3.01398845131627e-5
1575.2688172043	3.11681544095675e-5
1577.26702508961	3.1869557054135e-5
1579.26523297491	2.78381942814752e-5
1581.26344086022	2.99083535431113e-5
1583.26164874552	3.7433110069782e-5
1585.25985663082	3.3224694202377e-5
1587.25806451613	3.23598579318909e-5
1589.25627240143	2.79880084385673e-5
1591.25448028674	2.60336146619568e-5
1593.25268817204	2.61698093502224e-5
1595.25089605735	2.62719553664215e-5
1597.24910394265	2.07696899604939e-5
1599.24731182796	2.51892075947105e-5
1601.24551971326	2.46376191072351e-5
1603.24372759857	2.48282916708069e-5
1605.24193548387	2.52845438764964e-5
1607.24014336918	2.24993625014662e-5
1609.23835125448	1.85020484008728e-5
1611.23655913979	1.62071679035986e-5
1613.23476702509	1.6316123654211e-5
1615.23297491039	1.22507122094848e-5
1617.2311827957	6.97316803919535e-6
1619.229390681	7.85843351292132e-6
1621.22759856631	1.02758892296345e-5
1623.22580645161	1.07866193106303e-5
1625.22401433692	7.1025529930476e-6
1627.22222222222	2.87370792240277e-6
1629.22043010753	1.66838493125279e-6
1631.21863799283	3.90197781880755e-6
1633.21684587814	2.09058846487595e-6
1635.21505376344	6.67353972501117e-7
1637.21326164875	9.26123880205632e-7
1639.21146953405	6.22409725373491e-6
1641.20967741936	8.60069456396848e-6
1643.20788530466	5.64526982860639e-6
1645.20609318996	4.22203533623156e-6
1647.20430107527	3.72492472406236e-6
1649.20250896057	2.62855748352481e-6
1651.20071684588	5.12773001319736e-6
1653.19892473118	6.41476981730666e-6
1655.19713261649	6.76887600679704e-6
1657.19534050179	6.75525653797049e-6
1659.1935483871	6.9867875080219e-6
1661.1917562724	2.09739819928922e-6
1663.18996415771	5.47502646827447e-6
1665.18817204301	5.39330965531515e-6
1667.18637992832	8.61431403279503e-6
1669.18458781362	1.36739467018596e-5
1671.18279569892	1.31768360896904e-5
1673.18100358423	2.02385306762584e-5
1675.17921146953	1.44025882840802e-5
1677.17741935484	6.47605742702615e-6
1679.17562724014	8.51897775100916e-6
1681.17383512545	8.89351314373938e-6
1683.17204301075	8.81860606519333e-6
1685.17025089606	3.77940259936857e-6
1687.16845878136	8.34192465626396e-6
1689.16666666667	8.32830518743741e-6
1691.16487455197	6.17642911284197e-6
1693.16308243728	1.41097697043093e-5
1695.16129032258	1.7201389127937e-5
1697.15949820789	1.2380097163337e-5
1699.15770609319	1.15765485025704e-5
1701.15591397849	1.51176103974743e-5
1703.1541218638	1.8359043978194e-5
1705.1523297491	1.85429068073525e-5
1707.15053763441	1.02418405575682e-5
1709.14874551971	8.2738273121312e-6
1711.14695340502	1.17127431908359e-5
1713.14516129032	1.90059687474553e-5
1715.14336917563	2.58701810360382e-5
1717.14157706093	2.41200792918261e-5
1719.13978494624	1.50631325221681e-5
1721.13799283154	1.62275971068384e-5
1723.13620071685	2.04632519118965e-5
1725.13440860215	2.11510350876374e-5
1727.13261648746	1.61118316218127e-5
1729.13082437276	1.17536015973156e-5
1731.12903225806	9.58129631948032e-6
1733.12724014337	8.53940695424899e-6
1735.12544802867	6.19004858166852e-6
1737.12365591398	1.03235573705275e-5
1739.12186379928	9.56767685065377e-6
1741.12007168459	1.04665617932063e-5
1743.11827956989	1.47498847391573e-5
1745.1164874552	1.72081988623502e-5
1747.1146953405	1.55057652590311e-5
1749.11290322581	2.10080306649586e-5
1751.11111111111	1.70243360331918e-5
1753.10931899642	1.03507963081806e-5
1755.10752688172	1.25843891957354e-5
1757.10573476703	1.27546325560673e-5
1759.10394265233	1.71945793935237e-5
1761.10215053763	1.72694864720697e-5
1763.10035842294	8.66198217368797e-6
1765.09856630824	6.57139370881202e-6
1767.09677419355	1.53355218986991e-5
1769.09498207885	1.85769554794189e-5
1771.09318996416	1.90332076851084e-5
1773.09139784946	1.79096015069177e-5
1775.08960573477	1.29657343228788e-5
1777.08781362007	1.08070485138701e-5
1779.08602150538	1.55398139310974e-5
1781.08422939068	1.46409289885449e-5
1783.08243727599	1.09704821397888e-5
1785.08064516129	1.20191812394334e-5
1787.0788530466	1.15629290337438e-5
1789.0770609319	1.14131148766518e-5
1791.0752688172	1.15220706272642e-5
1793.07347670251	1.50563227877548e-5
1795.07168458781	1.0582327278232e-5
1797.06989247312	6.84378308534309e-6
1799.06810035842	9.92178304014416e-6
1801.06630824373	1.10181502806817e-5
1803.06451612903	1.02963184328744e-5
1805.06272401434	1.12292520474933e-5
1807.06093189964	8.85946447167299e-6
1809.05913978495	1.54717165869647e-5
1811.05734767025	1.74669687700547e-5
1813.05555555556	1.04393228555532e-5
1815.05376344086	7.34770343192556e-6
1817.05197132616	9.12504411379078e-6
1819.05017921147	1.47566944735706e-5
1821.04838709677	8.19211049917188e-6
1823.04659498208	3.07119022038779e-6
1825.04480286738	4.98472559051855e-6
1827.04301075269	9.14547331703061e-6
1829.04121863799	1.31019290111444e-5
1831.0394265233	1.19578936297139e-5
1833.0376344086	1.06299954191249e-5
1835.03584229391	8.15806182710549e-6
1837.03405017921	6.08790256546937e-6
1839.03225806452	4.3854689621502e-6
1841.03046594982	8.84584500284644e-6
1843.02867383513	7.776716699962e-6
1845.02688172043	6.9867875080219e-6
1847.02508960573	5.37288045207532e-6
1849.02329749104	7.90610165381426e-6
1851.02150537634	1.39122874063243e-5
1853.01971326165	6.95273883595552e-6
1855.01792114695	1.83181855717143e-6
1857.01612903226	4.69190701074765e-6
1859.01433691756	8.5666458919021e-6
1861.01254480287	8.05591581090634e-6
1863.01075268817	7.65414148052302e-6
1865.00896057348	7.73585829348234e-6
1867.00716845878	6.97997777360862e-6
1869.00537634409	9.12504411379078e-6
1871.00358422939	5.54993354682051e-6
1873.0017921147	2.33573890375391e-6
1875	2.21997341872821e-6
