Wavenumber (cm^-1)	Intensity (V)
760	1.77053094745194e-7
761.998207885305	3.87473888115444e-6
763.996415770609	7.00040697684845e-6
765.994623655914	4.7940530269468e-6
767.992831541219	5.1753981540903e-6
769.991039426523	1.38714289998446e-5
771.989247311828	1.06980927632577e-5
773.987455197133	7.06169458656794e-6
775.985663082437	1.06980927632577e-5
777.983870967742	7.81757510644166e-6
779.982078853047	2.24721235638131e-6
781.980286738351	3.83388047467478e-6
783.978494623656	2.41064598229995e-6
785.976702508961	7.0753140553945e-6
787.974910394265	3.9155972876341e-6
789.97311827957	1.58666811829347e-6
791.971326164875	1.32789821058896e-6
793.969534050179	4.24246453947139e-6
795.967741935484	5.27073443587617e-6
797.965949820789	4.47399550952279e-6
799.964157706093	3.88154861556772e-6
801.962365591398	5.89723000189763e-6
803.960573476703	6.23771672256146e-6
805.958781362007	8.35554412509052e-6
807.956989247312	1.04120839179001e-5
809.955197132616	1.34560352006348e-5
811.953405017921	8.32830518743741e-6
813.951612903226	5.59760168771345e-6
815.94982078853	4.91662824638578e-6
817.948028673835	5.18220788850357e-6
819.94623655914	8.67560164251452e-6
821.944444444445	4.65785833868127e-6
823.942652329749	2.7170840308974e-6
825.940860215054	4.54890258806884e-6
827.939068100359	3.02352207949486e-6
829.937275985663	2.18592474666182e-6
831.935483870968	6.29900433228095e-6
833.933691756272	7.83119457526821e-6
835.931899641577	1.02486502919814e-5
837.930107526882	4.35823002449709e-6
839.928315412186	1.6070973215333e-6
841.926523297491	3.13247783010728e-6
843.924731182796	4.03817250707309e-6
845.9229390681	5.12092027878408e-6
847.921146953405	2.1927344810751e-6
849.91935483871	4.26289374271122e-6
851.917562724014	5.37288045207532e-6
853.915770609319	4.60338046337505e-6
855.913978494624	3.73854419288891e-6
857.912186379928	5.5839822188869e-6
859.910394265233	7.13660166511399e-6
861.908602150538	2.71027429648413e-6
863.906810035842	4.27651321153777e-6
865.905017921147	7.41580077605833e-6
867.903225806452	1.0064787462823e-5
869.901433691756	1.53831900395921e-5
871.899641577061	8.75050872106056e-6
873.897849462366	1.58666811829347e-6
875.89605734767	3.35038933133214e-6
877.894265232975	2.62174774911153e-6
879.89247311828	2.08377873046267e-6
881.890681003584	2.47193359201944e-6
883.888888888889	5.96532734603039e-6
885.887096774194	8.51897775100916e-6
887.885304659498	4.18798666416517e-6
889.883512544803	4.16755746092534e-6
891.881720430107	9.02289809759163e-6
893.879928315412	9.43148216238823e-6
895.878136200717	6.05385389340299e-6
897.876344086022	9.31571667736253e-6
899.874551971326	4.61699993220161e-6
901.872759856631	3.96326542852704e-6
903.870967741936	2.52641146732566e-6
905.86917562724	7.47027865136455e-6
907.867383512545	8.79136712754023e-6
909.865591397849	4.20160613299173e-6
911.863799283154	5.26392470146289e-6
913.862007168459	2.49236279525927e-6
915.860215053764	1.21894245997653e-6
917.858422939068	2.18592474666182e-6
919.856630824373	2.5127919984991e-6
921.854838709677	3.90878755322083e-6
923.853046594982	1.30065927293585e-6
925.851254480287	8.43726093804984e-6
927.849462365591	4.31056188360415e-6
929.847670250896	3.67044684875614e-6
931.845878136201	3.80664153702168e-6
933.844086021506	3.77259286495529e-6
935.84229390681	4.23565480505811e-6
937.840501792115	8.85946447167299e-6
939.838709677419	7.49751758901765e-6
941.836917562724	4.35142029008381e-6
943.835125448029	4.66466807309454e-6
945.833333333333	7.53837599549731e-6
947.831541218638	6.86421228858292e-6
949.829749103943	6.76887600679704e-6
951.827956989247	5.72017690715243e-6
953.826164874552	2.47874332643272e-6
955.824372759857	2.90094686005588e-6
957.822580645161	6.00618575251005e-6
959.820788530466	8.39640253157018e-6
961.818996415771	7.44984944812471e-6
963.817204301075	3.33676986250558e-6
965.81541218638	5.40011938972843e-6
967.813620071685	7.64733174610974e-6
969.811827956989	5.39330965531515e-6
971.810035842294	3.2141946430666e-6
973.808243727599	2.56046013939204e-6
975.806451612903	9.94221224338399e-7
977.804659498208	4.44675657186969e-6
979.802867383513	4.36503975891037e-6
981.801075268817	1.04188936523134e-6
983.799283154122	1.90672563571748e-6
985.797491039427	3.10523889245418e-6
987.795698924731	3.99731410059343e-6
989.793906810036	7.27279635337952e-6
991.792114695341	5.84275212659141e-6
993.790322580645	9.72430074215913e-6
995.78853046595	7.47027865136455e-6
997.786738351254	2.2812610284477e-6
999.784946236559	4.63742913544144e-6
1001.78315412186	4.13350878885896e-6
1003.78136200717	5.1753981540903e-6
1005.77956989247	8.78455739312695e-6
1007.77777777778	6.8982609606493e-6
1009.77598566308	7.79033616878855e-6
1011.77419354839	6.78930521003688e-6
1013.77240143369	8.70284058016763e-6
1015.770609319	5.4954556715143e-6
1017.7688172043	7.83800430968149e-6
1019.76702508961	5.52269460916741e-6
1021.76523297491	3.49339375401095e-6
1023.76344086022	4.37865922773692e-6
1025.76164874552	4.42632736862986e-6
1027.75985663082	1.35513714824206e-6
1029.75806451613	2.42426545112651e-6
1031.75627240143	5.59079195330017e-6
1033.75448028674	4.24246453947139e-6
1035.75268817204	3.84069020908806e-6
1037.75089605735	3.52063269166406e-6
1039.74910394265	2.77156190620362e-6
1041.74731182796	7.41580077605833e-6
1043.74551971326	4.8825795743194e-6
1045.74372759857	5.43416806179481e-6
1047.74193548387	3.71811498964908e-6
1049.74014336918	1.47090263326777e-6
1051.73835125448	2.0156813863299e-6
1053.73655913979	2.00206191750335e-6
1055.73476702509	5.94489814279056e-6
1057.73297491039	9.16590252027044e-6
1059.7311827957	6.65992025618462e-6
1061.729390681	6.73482733473066e-6
1063.72759856631	6.31943353552078e-6
1065.72580645161	5.43416806179481e-6
1067.72401433692	4.73276541722731e-6
1069.72222222222	4.19479639857845e-6
1071.72043010753	3.97007516294032e-6
1073.71863799283	1.88629643247765e-6
1075.71684587814	4.04498224148636e-6
1077.71505376344	3.24824331513299e-6
1079.71326164875	1.36875661706862e-6
1081.71146953405	1.86586722923782e-6
1083.70967741935	2.81923004709656e-6
1085.70788530466	4.80086276136008e-6
1087.70609318996	1.88629643247765e-6
1089.70430107527	8.25339810889137e-6
1091.70250896057	7.95376979470719e-6
1093.70071684588	7.66776094934957e-6
1095.69892473118	8.38278306274362e-6
1097.69713261649	1.41233891731359e-5
1099.69534050179	1.39395263439774e-5
1101.6935483871	1.22915706159645e-5
1103.6917562724	1.24413847730565e-5
1105.68996415771	1.08410971859365e-5
1107.68817204301	5.52269460916741e-6
1109.68637992832	6.41476981730666e-6
1111.68458781362	7.13660166511399e-6
1113.68279569892	1.76372121303867e-6
1115.68100358423	6.48286716143942e-6
1117.67921146953	8.06272554531962e-6
1119.67741935484	8.19211049917188e-6
1121.67562724014	4.24927427388466e-6
1123.67383512545	1.8113893539316e-6
1125.67204301075	5.36607071766204e-6
1127.67025089606	4.24927427388466e-6
1129.66845878136	2.07015926163612e-6
1131.66666666667	1.02826989640478e-6
1133.66487455197	8.78455739312695e-6
1135.66308243728	8.73688925223401e-6
1137.66129032258	4.97791585610527e-6
1139.65949820789	7.42942024488489e-6
1141.65770609319	6.50329636467925e-6
1143.65591397849	2.47874332643272e-6
1145.6541218638	7.40899104164505e-6
1147.6523297491	7.42261051047161e-6
1149.65053763441	1.73648227538556e-6
1151.64874551971	6.51691583350581e-6
1153.64695340502	5.75422557921882e-6
1155.64516129032	6.01980522133661e-6
1157.64336917563	4.0041238350067e-6
1159.64157706093	5.0868716067177e-6
1161.63978494624	5.99937601809678e-6
1163.63799283154	3.95645569411376e-6
1165.63620071685	3.20738490865333e-6
1167.63440860215	2.39021677906012e-6
1169.63261648746	3.60915923903665e-6
1171.63082437276	5.96532734603039e-6
1173.62903225806	1.20328007082599e-5
1175.62724014337	5.53631407799396e-6
1177.62544802867	9.92859277455743e-6
1179.62365591398	6.65311052177134e-6
1181.62186379928	1.36875661706862e-6
1183.62007168459	6.21047778490835e-6
1185.61827956989	4.82129196459991e-6
1187.6164874552	6.29219459786768e-6
1189.6146953405	7.62009280845663e-6
1191.61290322581	6.68715919383772e-6
1193.61111111111	3.85430967791461e-6
1195.60931899642	1.40961502354828e-6
1197.60752688172	3.22781411189316e-6
1199.60573476703	3.49339375401095e-6
1201.60394265233	2.37659731023357e-6
1203.60215053763	1.26661060086947e-6
1205.60035842294	2.485553060846e-6
1207.59856630824	2.6898450932443e-6
1209.59677419355	2.76475217179034e-6
1211.59498207885	5.89042026748435e-6
1213.59318996416	6.12876097194903e-6
1215.59139784946	5.51588487475413e-6
1217.58960573477	1.07593803729772e-6
1219.58781362007	2.77156190620362e-6
1221.58602150538	2.92137606329571e-6
1223.58422939068	6.10833176870921e-6
1225.58243727599	2.57407960821859e-6
1227.58064516129	3.50020348842423e-6
1229.5788530466	5.59760168771345e-6
1231.5770609319	4.0926503823793e-6
1233.5752688172	5.12773001319736e-6
1235.57347670251	7.06850432098122e-6
1237.57168458781	6.36029194200044e-6
1239.56989247312	6.46924769261287e-7
1241.56810035842	2.76475217179034e-6
1243.56630824373	7.69499988700268e-6
1245.56451612903	1.09432432021357e-5
1247.56272401434	8.1853007647586e-6
1249.56093189964	2.52641146732566e-6
1251.55913978495	1.89310616689092e-6
1253.55734767025	1.02146016199151e-6
1255.55555555556	2.19954421548838e-6
1257.55376344086	5.86999106424452e-6
1259.55197132617	3.71811498964908e-6
1261.55017921147	3.82707074026151e-6
1263.54838709677	3.77940259936857e-6
1265.54659498208	7.68138041817612e-6
1267.54480286738	5.12092027878408e-6
1269.54301075269	5.01196452817165e-6
1271.54121863799	5.4069291241417e-6
1273.5394265233	2.485553060846e-6
1275.5376344086	3.92921675646066e-6
1277.53584229391	7.5996636052168e-6
1279.53405017921	4.82129196459991e-6
1281.53225806452	8.03548660766651e-7
1283.53046594982	6.71439813149083e-6
1285.52867383513	5.80189372011175e-6
1287.52688172043	6.96635830478207e-6
1289.52508960573	3.07119022038779e-6
1291.52329749104	3.63639817668976e-6
1293.52150537634	1.59347785270675e-6
1295.51971326165	8.51216801659588e-7
1297.51792114695	1.43004422678811e-7
1299.51612903226	2.11782740252905e-6
1301.51433691756	5.18220788850357e-6
1303.51254480287	5.01877426258493e-6
1305.51075268817	4.22884507064483e-6
1307.50896057348	2.17911501224855e-6
1309.50716845878	9.45872110004134e-6
1311.50537634409	7.90610165381426e-6
1313.50358422939	5.76784504804537e-6
1315.5017921147	4.40589816539003e-6
1317.5	5.9925662836835e-6
1319.4982078853	2.02930085515646e-6
1321.49641577061	3.7113052552358e-6
1323.49462365591	1.62071679035986e-6
1325.49283154122	6.07428309664282e-6
1327.49103942652	4.03136277265981e-6
1329.48924731183	3.3027211904392e-6
1331.48745519713	6.65992025618462e-6
1333.48566308244	4.72595568281403e-6
1335.48387096774	5.32521231118238e-6
1337.48207885305	6.33305300434733e-6
1339.48028673835	4.68509727633437e-6
1341.47849462366	7.52475652667076e-6
1343.47670250896	5.78146451687192e-6
1345.47491039427	4.2969424147776e-6
1347.47311827957	4.04498224148636e-6
1349.47132616487	2.95542473536209e-6
1351.46953405018	2.15187607459544e-6
1353.46774193548	7.35451316633884e-6
1355.46594982079	7.49751758901765e-6
1357.46415770609	3.78621233378185e-6
1359.4623655914	4.59657072896177e-6
1361.4605734767	7.27279635337952e-6
1363.45878136201	6.79611494445015e-6
1365.45698924731	7.67457068376285e-6
1367.45519713262	8.96842022228542e-6
1369.45340501792	5.84275212659141e-6
1371.45161290323	1.1099867093641e-6
1373.44982078853	4.72595568281403e-6
1375.44802867384	3.84749994350134e-6
1377.44623655914	2.94861500094881e-6
1379.44444444444	7.26598661896624e-6
1381.44265232975	9.02970783200491e-6
1383.44086021505	8.66879190810124e-6
1385.43906810036	6.20366805049508e-6
1387.43727598566	2.31530970051408e-6
1389.43548387097	2.13144687135561e-6
1391.43369175627	3.02352207949486e-6
1393.43189964158	6.74163706914394e-6
1395.43010752688	7.8652432473346e-6
1397.42831541219	9.06375650407129e-6
1399.42652329749	1.05210396685125e-5
1401.4247311828	5.45459726503464e-6
1403.4229390681	5.71336717273915e-6
1405.42114695341	4.46037604069624e-6
1407.41935483871	4.46037604069624e-6
1409.41756272401	7.67457068376285e-6
1411.41577060932	7.12979193070071e-6
1413.41397849462	4.94386718403889e-6
1415.41218637993	8.36235385950379e-6
1417.41039426523	5.95851761161712e-6
1419.40860215054	1.35513714824206e-6
1421.40681003584	4.56933179130867e-6
1423.40501792115	5.59760168771345e-6
1425.40322580645	1.27682520248938e-5
1427.40143369176	1.0582327278232e-5
1429.39964157706	1.09841016086153e-5
1431.39784946237	7.36132290075212e-6
1433.39605734767	6.65311052177134e-6
1435.39426523298	3.54787162931716e-6
1437.39247311828	9.34976534942892e-6
1439.39068100358	9.78558835187862e-6
1441.38888888889	6.74163706914394e-6
1443.38709677419	2.14506634018216e-6
1445.3853046595	8.02867687325323e-6
1447.3835125448	1.79504599133974e-5
1449.38172043011	1.3707995373926e-5
1451.37992831541	7.1910795404202e-6
1453.37813620072	1.59007298550011e-5
1455.37634408602	2.91524730232376e-5
1457.37455197133	3.38579995028118e-5
1459.37275985663	2.26968447994513e-5
1461.37096774194	2.18524377322049e-5
1463.36917562724	1.9884424486768e-5
1465.36738351255	1.9441791749905e-5
1467.36559139785	1.89719200753889e-5
1469.36379928315	1.79300307101576e-5
1471.36200716846	1.49269378339025e-5
1473.36021505376	1.08410971859365e-5
1475.35842293907	1.28567785722664e-5
1477.35663082437	9.75153967981224e-6
1479.35483870968	4.55571232248212e-6
1481.35304659498	7.14341139952726e-6
1483.35125448029	3.92240702204738e-6
1485.34946236559	7.85162377850804e-6
1487.3476702509	7.82438484085493e-6
1489.3458781362	1.2182614865352e-5
1491.34408602151	1.12428715163198e-5
1493.34229390681	1.14131148766518e-5
1495.34050179211	1.78483138971982e-5
1497.33870967742	2.24108359540936e-5
1499.33691756272	1.43276812055342e-5
1501.33512544803	8.64836270486141e-6
1503.33333333333	1.04733715276196e-5
1505.33154121864	1.05278494029258e-5
1507.32974910394	9.78558835187862e-6
1509.32795698925	1.18557476135147e-5
1511.32616487455	1.18761768167546e-5
1513.32437275986	1.09841016086153e-5
1515.32258064516	1.27818714937204e-5
1517.32078853047	1.24754334451229e-5
1519.31899641577	7.09574325863433e-6
1521.31720430108	1.15016414240244e-5
1523.31541218638	1.02963184328744e-5
1525.31362007168	8.36235385950379e-6
1527.31182795699	1.03167476361142e-5
1529.31003584229	7.81757510644166e-6
1531.3082437276	1.10590086871614e-5
1533.3064516129	1.17127431908359e-5
1535.30465949821	9.07737597289785e-6
1537.30286738351	6.18323884725525e-6
1539.30107526882	9.22038039557666e-6
1541.29928315412	6.29219459786768e-6
1543.29749103943	3.78621233378185e-6
1545.29569892473	3.50020348842423e-6
1547.29390681004	3.52063269166406e-6
1549.29211469534	6.67353972501117e-7
1551.29032258065	5.80870345452503e-6
1553.28853046595	3.60234950462338e-6
1555.28673835125	4.43313710304313e-6
1557.28494623656	1.77734068186522e-6
1559.28315412186	4.60338046337505e-6
1561.28136200717	2.15187607459544e-6
1563.27956989247	5.48183620268775e-6
1565.27777777778	4.55571232248212e-6
1567.27598566308	5.04601320023804e-6
1569.27419354839	7.00040697684845e-6
1571.27240143369	1.20736591147396e-5
1573.270609319	1.29521148540523e-5
1575.2688172043	1.02077918855018e-5
1577.26702508961	2.56726987380532e-6
1579.26523297491	6.51010609909253e-6
1581.26344086022	8.49173881335605e-6
1583.26164874552	7.38856183840522e-6
1585.25985663082	4.95067691845216e-6
1587.25806451613	2.83284951592311e-6
1589.25627240143	7.96738926353374e-6
1591.25448028674	5.50907514034085e-6
1593.25268817204	7.16384060276709e-6
1595.25089605735	1.02895086984611e-5
1597.24910394265	1.04529423243797e-5
1599.24731182796	6.85740255416964e-6
1601.24551971326	6.75525653797049e-6
1603.24372759857	7.08212378980777e-6
1605.24193548387	6.91188042947586e-6
1607.24014336918	3.56149109814372e-6
1609.23835125448	1.39599555472172e-6
1611.23655913979	3.04395128273469e-6
1613.23476702509	5.10049107554425e-6
1615.23297491039	9.3838140214953e-6
1617.2311827957	7.40899104164505e-6
1619.229390681	4.85534063666629e-6
1621.22759856631	1.70243360331918e-7
1623.22580645161	3.03714154832141e-6
1625.22401433692	4.05860171031292e-6
1627.22222222222	2.66260615559119e-6
1629.22043010753	3.62958844227648e-6
1631.21863799283	6.94592910154224e-7
1633.21684587814	7.85843351292132e-6
1635.21505376344	1.51380396007141e-5
1637.21326164875	1.41029599698961e-5
1639.21146953405	1.04120839179001e-5
1641.20967741936	7.72904855906906e-6
1643.20788530466	1.7841504162785e-6
1645.20609318996	2.57407960821859e-6
1647.20430107527	4.47399550952279e-6
1649.20250896057	8.38278306274362e-6
1651.20071684588	8.80498659636678e-6
1653.19892473118	5.09368134113097e-6
1655.19713261649	5.26392470146289e-6
1657.19534050179	1.14403538143049e-6
1659.1935483871	3.90197781880755e-6
1661.1917562724	4.26289374271122e-6
1663.18996415771	2.31530970051408e-6
1665.18817204301	3.82026100584823e-6
1667.18637992832	3.4797742851844e-6
1669.18458781362	2.1927344810751e-6
1671.18279569892	3.60234950462338e-6
1673.18100358423	4.54209285365556e-6
1675.17921146953	7.70180962141595e-6
1677.17741935484	2.90094686005588e-6
1679.17562724014	4.76681408929369e-6
1681.17383512545	5.84275212659141e-6
1683.17204301075	4.7055264795742e-6
1685.17025089606	6.65992025618462e-6
1687.16845878136	2.45150438877961e-6
1689.16666666667	3.43210614429146e-6
1691.16487455197	5.35926098324877e-6
1693.16308243728	7.68138041817612e-6
1695.16129032258	3.49339375401095e-6
1697.15949820789	2.77156190620362e-6
1699.15770609319	3.75216366171546e-6
1701.15591397849	5.50226540592758e-6
1703.1541218638	1.25980086645619e-6
1705.1523297491	3.1869557054135e-6
1707.15053763441	7.94696006029391e-6
1709.14874551971	8.81179633078006e-6
1711.14695340502	2.97585393860192e-6
1713.14516129032	4.52847338482901e-6
1715.14336917563	6.32624326993406e-6
1717.14157706093	2.87370792240277e-6
1719.13978494624	2.73751323413723e-6
1721.13799283154	5.89042026748435e-6
1723.13620071685	2.88732739122932e-6
1725.13440860215	1.1985132567367e-6
1727.13261648746	2.52641146732566e-6
1729.13082437276	6.53053530233236e-6
1731.12903225806	4.9098185119725e-6
1733.12724014337	7.36813263516539e-6
1735.12544802867	8.43045120363656e-6
1737.12365591398	2.88051765681605e-6
1739.12186379928	2.57407960821859e-6
1741.12007168459	2.22678315314148e-6
1743.11827956989	2.53322120173893e-6
1745.1164874552	2.32211943492736e-6
1747.1146953405	2.65579642117791e-6
1749.11290322581	4.14031852327224e-6
1751.11111111111	4.5897609945485e-6
1753.10931899642	2.73070349972396e-6
1755.10752688172	1.93396457337058e-6
1757.10573476703	2.94180526653554e-6
1759.10394265233	3.67725658316942e-6
1761.10215053763	4.47399550952279e-6
1763.10035842294	6.40796008289338e-6
1765.09856630824	4.74638488605386e-6
1767.09677419355	4.43994683745641e-6
1769.09498207885	4.96429638727872e-6
1771.09318996416	2.35616810699374e-6
1773.09139784946	4.61019019778833e-6
1775.08960573477	3.01671234508158e-6
1777.08781362007	9.26123880205632e-7
1779.08602150538	3.75216366171546e-6
1781.08422939068	9.64939366361309e-6
1783.08243727599	6.88464149182275e-6
1785.08064516129	2.23359288755476e-6
1787.0788530466	3.19376543982677e-6
1789.0770609319	5.47502646827447e-6
1791.0752688172	7.04807511774139e-6
1793.07347670251	4.42632736862986e-6
1795.07168458781	3.28229198719937e-6
1797.06989247312	2.41745571671323e-6
1799.06810035842	3.99731410059343e-6
1801.06630824373	4.22884507064483e-6
1803.06451612903	7.9810087323603e-6
1805.06272401434	4.59657072896177e-6
1807.06093189964	1.77053094745194e-6
1809.05913978495	2.83965925033639e-6
1811.05734767025	3.05076101714796e-6
1813.05555555556	8.79136712754023e-6
1815.05376344086	8.55983615748882e-6
1817.05197132616	5.00515479375838e-6
1819.05017921147	2.65579642117791e-6
1821.04838709677	4.64423886985471e-6
1823.04659498208	4.24927427388466e-6
1825.04480286738	5.98575654927022e-6
1827.04301075269	4.1811769297519e-6
1829.04121863799	4.76681408929369e-6
1831.0394265233	8.36916359391707e-6
1833.0376344086	6.10833176870921e-6
1835.03584229391	7.96057952912047e-6
1837.03405017921	7.12979193070071e-6
1839.03225806452	8.5938848295552e-6
1841.03046594982	1.15697387681571e-5
1843.02867383513	7.23193794689986e-6
1845.02688172043	5.89723000189763e-6
1847.02508960573	8.36916359391707e-6
1849.02329749104	8.90032287815265e-6
1851.02150537634	2.32211943492736e-6
1853.01971326165	4.77362382370697e-6
1855.01792114695	3.34357959691886e-6
1857.01612903226	7.01402644567501e-6
1859.01433691756	6.21047778490835e-6
1861.01254480287	1.75010174421211e-6
1863.01075268817	4.80086276136008e-6
1865.00896057348	4.12669905444568e-6
1867.00716845878	2.24040262196804e-6
1869.00537634409	2.87370792240277e-6
1871.00358422939	4.22884507064483e-6
1873.0017921147	1.94758404219714e-6
1875	7.8652432473346e-6
